0.0 0.0 0.0 0.0 0.0 0.0 0.0 0.0 0.0 0.0
0.0 0.0 0.0 0.0 0.0 0.0 0.0 0.0 0.0 0.0
0.0 0.0 0.0 0.0 0.0 0.0 0.0 0.0 0.0 0.0
0.0 0.0 0.0 0.0 0.0 0.0 0.0 0.0 0.0 0.0
0.0 0.0 0.0 0.0 0.0 0.0 0.0 0.0 0.0 0.0
0.0 0.0 0.0 0.0 0.0 0.0 0.0 0.0 0.0 0.0
0.0 0.0 0.0 0.0 0.0 0.0 0.0 0.0 0.0 0.0
0.0 0.0 0.0 0.0 0.0 0.0 0.0 0.0 0.0 0.0
0.0 0.0 0.0 0.0 0.0 0.0 0.0 0.0 0.0 0.0
0.0 0.0 0.0 0.0 0.0 0.0 0.0 0.0 0.0 0.0
0.0 0.0 0.0 0.0 0.0 0.0 0.0 0.0 0.0 0.0
0.0 0.0 0.0 0.0 0.0 0.0 0.0 0.0 0.0 0.0
0.0 0.0 10.0 0.0 0.0 0.0 116.0 0.0 0.0 0.0
0.0 0.0 216.0 0.0 0.0 0.0 254.0 0.0 0.0 0.0
0.0 0.0 216.0 0.0 0.0 0.0 0.0 0.0 0.0 0.0
0.0 0.0 9.0 0.0 0.0 0.0 0.0 0.0 0.0 0.0
0.0 0.0 0.0 0.0 0.0 0.0 0.0 0.0 0.0 0.0
0.0 0.0 0.0 0.0 0.0 0.0 0.0 0.0 0.0 0.0
0.0 0.0 0.0 0.0 0.0 0.0 0.0 0.0 0.0 0.0
0.0 0.0 0.0 0.0 0.0 0.0 0.0 0.0 0.0 0.0
0.0 0.0 0.0 0.0 0.0 0.0 0.0 0.0 0.0 0.0
0.0 0.0 0.0 0.0 0.0 0.0 0.0 0.0 0.0 0.0
0.0 0.0 0.0 0.0 0.0 0.0 0.0 0.0 0.0 0.0
0.0 0.0 0.0 0.0 0.0 0.0 0.0 0.0 0.0 0.0
0.0 0.0 0.0 0.0 0.0 0.0 0.0 0.0 0.0 0.0
0.0 0.0 0.0 0.0 0.0 0.0 0.0 0.0 0.0 0.0
0.0 0.0 0.0 0.0 0.0 0.0 0.0 0.0 0.0 0.0
0.0 0.0 0.0 0.0 0.0 0.0 0.0 0.0 0.0 0.0
0.0 0.0 0.0 0.0 0.0 0.0 0.0 0.0 0.0 0.0
0.0 0.0 0.0 0.0 0.0 0.0 0.0 0.0 0.0 0.0
0.0 0.0 0.0 0.0 0.0 0.0 0.0 0.0 0.0 0.0
0.0 0.0 0.0 0.0 0.0 0.0 0.0 0.0 0.0 0.0
0.0 0.0 0.0 0.0 0.0 0.0 16.0 0.0 0.0 0.0
0.0 0.0 0.0 0.0 0.0 0.0 55.0 0.0 0.0 0.0
0.0 0.0 0.0 0.0 0.0 0.0 557.0 0.0 0.0 0.0
0.0 0.0 16.0 0.0 0.0 0.0 1441.0 0.0 0.0 0.0
0.0 0.0 279.0 0.0 0.0 0.0 2344.0 0.0 0.0 0.0
0.0 0.0 356.0 0.0 0.0 0.0 3490.0 0.0 0.0 0.0
0.0 0.0 608.0 0.0 0.0 0.0 6600.0 0.0 0.0 0.0
128.0 0.0 715.0 0.0 0.0 0.0 8801.0 0.0 0.0 0.0
253.0 0.0 394.0 0.0 0.0 0.0 9804.0 0.0 0.0 0.0
104.0 0.0 561.0 0.0 31.0 0.0 9950.0 0.0 0.0 0.0
0.0 312.0 1091.0 0.0 193.0 0.0 9763.0 0.0 0.0 0.0
90.0 508.0 1113.0 0.0 0.0 0.0 8738.0 0.0 0.0 0.0
246.0 71.0 2005.0 0.0 0.0 0.0 8894.0 0.0 0.0 0.0
117.0 0.0 851.0 0.0 0.0 0.0 8251.0 0.0 0.0 0.0
0.0 0.0 72.0 0.0 0.0 0.0 5935.0 0.0 0.0 0.0
0.0 0.0 0.0 0.0 0.0 0.0 4274.0 0.0 0.0 0.0
0.0 0.0 0.0 0.0 0.0 0.0 3229.0 0.0 0.0 0.0
0.0 0.0 0.0 0.0 0.0 0.0 1282.0 0.0 0.0 0.0
0.0 0.0 0.0 0.0 0.0 0.0 605.0 0.0 0.0 0.0
0.0 0.0 0.0 0.0 0.0 0.0 212.0 0.0 0.0 0.0
0.0 0.0 0.0 0.0 0.0 0.0 0.0 0.0 0.0 0.0
0.0 0.0 0.0 0.0 0.0 0.0 0.0 0.0 0.0 0.0
0.0 0.0 0.0 0.0 0.0 0.0 0.0 0.0 0.0 0.0
0.0 0.0 0.0 0.0 0.0 0.0 0.0 0.0 0.0 0.0
0.0 0.0 0.0 0.0 0.0 0.0 0.0 0.0 0.0 0.0
0.0 0.0 0.0 0.0 0.0 0.0 0.0 0.0 0.0 0.0
0.0 0.0 0.0 0.0 0.0 0.0 64.0 0.0 0.0 0.0
29.0 0.0 0.0 0.0 0.0 0.0 13.0 0.0 0.0 0.0
10.0 0.0 0.0 0.0 0.0 0.0 407.0 0.0 0.0 0.0
0.0 0.0 45.0 0.0 0.0 0.0 284.0 0.0 0.0 0.0
85.0 0.0 457.0 0.0 0.0 0.0 2284.0 0.0 0.0 0.0
200.0 0.0 1534.0 0.0 0.0 0.0 6570.0 0.0 0.0 0.0
44.0 0.0 3627.0 0.0 0.0 0.0 12180.0 0.0 0.0 0.0
0.0 0.0 7334.0 0.0 0.0 0.0 23063.0 0.0 0.0 0.0
0.0 86.0 10871.0 114.0 0.0 0.0 40937.0 0.0 0.0 0.0
92.0 170.0 15243.0 307.0 0.0 0.0 61593.0 0.0 0.0 0.0
282.0 309.0 19149.0 366.0 149.0 0.0 91966.0 0.0 0.0 0.0
469.0 1165.0 21409.0 301.0 518.0 0.0 127935.0 0.0 0.0 0.0
196.0 2008.0 24021.0 431.0 765.0 59.0 164617.0 0.0 0.0 0.0
173.0 2750.0 23975.0 409.0 519.0 363.0 189344.0 0.0 0.0 0.0
229.0 1637.0 18734.0 460.0 535.0 809.0 200915.0 0.0 0.0 0.0
20.0 481.0 12333.0 444.0 387.0 1022.0 188804.0 0.0 62.0 0.0
76.0 180.0 6274.0 245.0 26.0 1184.0 159973.0 0.0 218.0 0.0
136.0 253.0 2722.0 76.0 369.0 1128.0 117968.0 0.0 11.0 0.0
0.0 60.0 902.0 9.0 313.0 590.0 70253.0 0.0 0.0 0.0
0.0 0.0 222.0 0.0 178.0 387.0 37220.0 0.0 0.0 0.0
0.0 0.0 12.0 0.0 187.0 255.0 17316.0 0.0 0.0 0.0
0.0 0.0 233.0 0.0 0.0 61.0 5345.0 0.0 0.0 0.0
0.0 0.0 348.0 0.0 0.0 0.0 1765.0 0.0 0.0 0.0
0.0 0.0 165.0 0.0 0.0 0.0 353.0 0.0 0.0 0.0
0.0 0.0 0.0 0.0 0.0 0.0 0.0 0.0 0.0 0.0
0.0 0.0 0.0 0.0 0.0 0.0 0.0 0.0 0.0 0.0
0.0 0.0 0.0 0.0 0.0 0.0 0.0 0.0 0.0 0.0
0.0 0.0 0.0 0.0 0.0 0.0 0.0 0.0 0.0 0.0
0.0 42.0 11.0 0.0 0.0 0.0 141.0 0.0 0.0 0.0
84.0 10.0 15.0 0.0 0.0 4.0 238.0 0.0 0.0 0.0
124.0 0.0 85.0 25.0 0.0 58.0 429.0 0.0 0.0 0.0
387.0 0.0 1611.0 761.0 0.0 0.0 1427.0 0.0 0.0 0.0
331.0 0.0 6235.0 1209.0 31.0 0.0 4919.0 0.0 0.0 0.0
367.0 29.0 16351.0 2262.0 261.0 0.0 13496.0 0.0 0.0 0.0
695.0 33.0 36802.0 4657.0 361.0 157.0 26482.0 0.0 78.0 0.0
1306.0 394.0 69837.0 8831.0 696.0 623.0 51072.0 0.0 195.0 0.0
2963.0 761.0 107835.0 14880.0 1780.0 1691.0 88011.0 0.0 457.0 0.0
7368.0 1363.0 152959.0 24534.0 2272.0 2279.0 134725.0 0.0 780.0 0.0
12584.0 2977.0 194401.0 33008.0 1947.0 4387.0 193758.0 0.0 1361.0 0.0
18617.0 8651.0 230141.0 37960.0 2304.0 6226.0 275472.0 0.0 2433.0 0.0
22719.0 12253.0 246204.0 40593.0 3527.0 10331.0 374103.0 0.0 3255.0 0.0
26924.0 13334.0 243157.0 37940.0 4596.0 13603.0 450079.0 0.0 4609.0 0.0
27815.0 10923.0 213661.0 32636.0 4971.0 14295.0 478112.0 0.0 5064.0 0.0
22596.0 8960.0 164608.0 26746.0 4472.0 15541.0 460709.0 0.0 5157.0 22.0
16869.0 6868.0 109610.0 18201.0 5141.0 16521.0 395108.0 0.0 4139.0 163.0
14064.0 5051.0 66004.0 11012.0 7283.0 16039.0 289791.0 0.0 2512.0 27.0
9800.0 2871.0 32606.0 6245.0 8820.0 14068.0 175366.0 0.0 1843.0 0.0
4886.0 1754.0 13307.0 2338.0 7816.0 11480.0 92922.0 0.0 1975.0 0.0
1955.0 873.0 4060.0 515.0 4995.0 7758.0 42395.0 0.0 1111.0 0.0
707.0 146.0 687.0 0.0 2833.0 3973.0 15691.0 0.0 747.0 0.0
255.0 0.0 288.0 0.0 866.0 1747.0 6325.0 0.0 244.0 0.0
73.0 0.0 164.0 0.0 104.0 337.0 946.0 0.0 42.0 0.0
0.0 0.0 0.0 0.0 0.0 47.0 121.0 0.0 0.0 0.0
0.0 0.0 0.0 0.0 0.0 0.0 0.0 0.0 0.0 0.0
0.0 0.0 0.0 0.0 0.0 0.0 0.0 0.0 0.0 0.0
0.0 0.0 0.0 38.0 0.0 0.0 0.0 0.0 0.0 0.0
0.0 144.0 64.0 51.0 0.0 0.0 22.0 0.0 32.0 0.0
161.0 35.0 136.0 244.0 0.0 7.0 177.0 101.0 0.0 0.0
164.0 66.0 1244.0 2188.0 520.0 0.0 479.0 192.0 0.0 0.0
331.0 304.0 9673.0 9045.0 1684.0 253.0 3148.0 134.0 41.0 0.0
1149.0 409.0 27029.0 21362.0 2446.0 1828.0 8152.0 26.0 193.0 0.0
3146.0 539.0 63945.0 47076.0 4750.0 3954.0 20272.0 51.0 1424.0 0.0
8626.0 1450.0 126741.0 86614.0 8717.0 7674.0 42190.0 64.0 4469.0 0.0
21324.0 3916.0 216106.0 141201.0 12087.0 17468.0 80900.0 38.0 10609.0 16.0
42145.0 12801.0 321735.0 214573.0 15711.0 34768.0 133998.0 0.0 22565.0 320.0
83062.0 36108.0 444108.0 286988.0 21156.0 53056.0 199067.0 367.0 43651.0 1075.0
149774.0 94375.0 562888.0 345949.0 24789.0 71753.0 293260.0 580.0 76548.0 2285.0
233924.0 183175.0 655970.0 385456.0 22158.0 90436.0 416196.0 611.0 121434.0 3370.0
311107.0 265036.0 701762.0 390412.0 22159.0 114120.0 535019.0 539.0 166269.0 4025.0
375976.0 301649.0 693022.0 367960.0 24924.0 134574.0 616250.0 349.0 196713.0 3739.0
393593.0 295384.0 634932.0 310674.0 35363.0 148634.0 637940.0 193.0 200738.0 2879.0
363125.0 278894.0 511893.0 235831.0 46364.0 150361.0 584158.0 2.0 175799.0 2060.0
294398.0 236777.0 370409.0 164825.0 57347.0 143692.0 473960.0 0.0 136965.0 1320.0
213779.0 191332.0 243537.0 101237.0 68477.0 128897.0 330369.0 0.0 97296.0 512.0
128156.0 126974.0 135551.0 51325.0 73908.0 112616.0 196550.0 0.0 64422.0 359.0
64444.0 66288.0 61727.0 20874.0 62364.0 99862.0 106487.0 254.0 37364.0 20.0
25900.0 27295.0 19533.0 7187.0 46892.0 78713.0 49778.0 50.0 17530.0 0.0
6047.0 8448.0 2990.0 614.0 28348.0 53828.0 20237.0 0.0 7709.0 0.0
1087.0 1788.0 363.0 3.0 10730.0 26555.0 7746.0 0.0 3502.0 0.0
173.0 0.0 222.0 0.0 1722.0 7161.0 1622.0 0.0 1565.0 0.0
0.0 0.0 0.0 0.0 165.0 1001.0 80.0 0.0 533.0 0.0
0.0 0.0 0.0 0.0 0.0 0.0 63.0 0.0 59.0 0.0
0.0 0.0 0.0 0.0 0.0 0.0 0.0 0.0 0.0 0.0
0.0 0.0 0.0 0.0 0.0 0.0 0.0 0.0 0.0 0.0
0.0 96.0 117.0 90.0 0.0 0.0 316.0 0.0 0.0 0.0
268.0 242.0 415.0 2377.0 210.0 55.0 86.0 148.0 0.0 0.0
325.0 312.0 4633.0 13900.0 2630.0 193.0 1140.0 546.0 49.0 0.0
905.0 869.0 24839.0 43521.0 8570.0 1943.0 4653.0 1893.0 611.0 0.0
4294.0 1363.0 69132.0 95467.0 18610.0 8220.0 10969.0 3887.0 3311.0 14.0
11376.0 1802.0 146933.0 176205.0 30503.0 21127.0 27301.0 6470.0 11711.0 241.0
29145.0 3027.0 260955.0 292176.0 48256.0 44153.0 61111.0 9968.0 31159.0 1077.0
70093.0 7319.0 399914.0 438136.0 76861.0 82546.0 112292.0 13290.0 69163.0 3461.0
142619.0 24288.0 551474.0 598739.0 96104.0 138561.0 181020.0 14104.0 133008.0 10107.0
259368.0 71178.0 703674.0 750816.0 109385.0 205102.0 269973.0 15210.0 244135.0 23541.0
410985.0 180154.0 831415.0 873589.0 113254.0 271591.0 403603.0 16383.0 394114.0 39143.0
588484.0 352054.0 927167.0 958740.0 101079.0 334996.0 540530.0 15303.0 554990.0 54906.0
742894.0 511625.0 979281.0 974456.0 90498.0 384380.0 650215.0 14048.0 694489.0 64278.0
850506.0 597878.0 983674.0 934467.0 93254.0 417278.0 694722.0 13042.0 784856.0 66310.0
889924.0 597740.0 924108.0 826021.0 129259.0 435511.0 658679.0 11088.0 804828.0 58278.0
834182.0 547268.0 805411.0 658194.0 177281.0 442186.0 546068.0 7887.0 746498.0 45900.0
701640.0 460079.0 619230.0 478021.0 219789.0 427859.0 398359.0 5593.0 614123.0 31876.0
529252.0 347879.0 426952.0 318106.0 233223.0 400035.0 254659.0 2426.0 455770.0 19328.0
339998.0 229097.0 263459.0 183580.0 224237.0 360962.0 144084.0 1102.0 303999.0 10472.0
186882.0 119952.0 134174.0 84100.0 189703.0 310612.0 74817.0 857.0 185009.0 4494.0
79425.0 49382.0 51087.0 26566.0 147200.0 249999.0 36632.0 472.0 101426.0 1230.0
21442.0 17206.0 9851.0 5412.0 97408.0 179098.0 17662.0 2.0 50212.0 54.0
3029.0 4372.0 690.0 405.0 41046.0 100750.0 8158.0 0.0 21113.0 0.0
141.0 59.0 275.0 0.0 7817.0 32241.0 2158.0 0.0 7929.0 0.0
0.0 53.0 0.0 0.0 350.0 6113.0 262.0 0.0 1720.0 0.0
0.0 0.0 0.0 0.0 0.0 142.0 93.0 0.0 47.0 0.0
0.0 0.0 0.0 0.0 0.0 0.0 0.0 0.0 0.0 0.0
0.0 0.0 0.0 11.0 0.0 0.0 0.0 0.0 0.0 0.0
0.0 19.0 81.0 470.0 0.0 120.0 141.0 819.0 0.0 0.0
0.0 333.0 1033.0 9095.0 985.0 0.0 13.0 1827.0 0.0 0.0
1042.0 360.0 10013.0 38301.0 7355.0 1076.0 1067.0 7208.0 721.0 28.0
4303.0 722.0 43908.0 93647.0 19390.0 6421.0 5259.0 19896.0 3692.0 156.0
10825.0 1437.0 115910.0 188196.0 39690.0 20819.0 14436.0 37841.0 15346.0 1688.0
29050.0 2654.0 230636.0 324480.0 71999.0 48934.0 38735.0 59145.0 44752.0 4881.0
74482.0 4530.0 368386.0 499342.0 114708.0 96941.0 81959.0 86814.0 104540.0 16563.0
163796.0 9009.0 519061.0 680812.0 177455.0 174268.0 151216.0 114050.0 202745.0 44899.0
306062.0 26977.0 662562.0 851221.0 229503.0 280157.0 239235.0 141958.0 352930.0 96319.0
493506.0 82081.0 785357.0 981251.0 250847.0 397589.0 367496.0 158632.0 553677.0 184333.0
695432.0 209488.0 866306.0 1070988.0 245760.0 507273.0 520398.0 171280.0 759745.0 310038.0
885025.0 421434.0 916915.0 1131826.0 207617.0 598682.0 647099.0 174859.0 930921.0 459600.0
1023509.0 633380.0 946110.0 1164558.0 162743.0 660800.0 714986.0 176168.0 1039951.0 588162.0
1111727.0 754563.0 964504.0 1164151.0 158706.0 685279.0 689996.0 173770.0 1089942.0 653251.0
1139323.0 755049.0 953708.0 1102207.0 214879.0 690855.0 570578.0 168668.0 1081484.0 625929.0
1114812.0 671806.0 888145.0 951716.0 307733.0 686457.0 408048.0 153652.0 1023978.0 515653.0
1015476.0 549161.0 751589.0 749126.0 386455.0 663878.0 256182.0 126334.0 898869.0 369417.0
825768.0 386309.0 561424.0 530762.0 405473.0 618453.0 143805.0 92907.0 726851.0 218170.0
600876.0 234651.0 371658.0 333346.0 364695.0 557084.0 77201.0 59439.0 531524.0 111753.0
369284.0 113992.0 207632.0 169915.0 299027.0 481626.0 41412.0 36527.0 353376.0 45958.0
181574.0 44759.0 85682.0 58370.0 223930.0 399744.0 21817.0 17661.0 211759.0 14218.0
58543.0 14989.0 18197.0 12364.0 143839.0 304787.0 10833.0 5337.0 114542.0 3115.0
7525.0 3748.0 890.0 1287.0 62613.0 190399.0 4755.0 728.0 50748.0 573.0
391.0 9.0 98.0 0.0 13136.0 77142.0 1924.0 17.0 18452.0 166.0
82.0 0.0 71.0 0.0 1596.0 16417.0 325.0 0.0 3871.0 0.0
73.0 0.0 0.0 0.0 0.0 1262.0 159.0 0.0 324.0 0.0
0.0 0.0 0.0 0.0 0.0 0.0 0.0 47.0 0.0 0.0
0.0 0.0 0.0 507.0 0.0 0.0 0.0 677.0 0.0 0.0
0.0 72.0 386.0 710.0 0.0 79.0 0.0 5213.0 0.0 0.0
82.0 115.0 1466.0 15229.0 2071.0 0.0 19.0 16618.0 95.0 44.0
1181.0 399.0 15742.0 59246.0 11385.0 1027.0 976.0 45308.0 3298.0 182.0
6986.0 580.0 61132.0 129639.0 31543.0 10194.0 5352.0 95522.0 12919.0 1859.0
20693.0 1202.0 150906.0 240486.0 61525.0 34031.0 19088.0 167329.0 41355.0 9548.0
63700.0 3080.0 267910.0 377675.0 117285.0 79869.0 53080.0 250838.0 104597.0 29074.0
153238.0 5021.0 394595.0 527915.0 196167.0 156923.0 111705.0 343308.0 210537.0 78278.0
306344.0 9560.0 515989.0 667286.0 294260.0 270717.0 199237.0 435984.0 365982.0 168546.0
504844.0 24824.0 618765.0 768590.0 369681.0 414093.0 317008.0 517580.0 566569.0 323929.0
720670.0 76324.0 690367.0 826125.0 393764.0 557577.0 476520.0 581615.0 773584.0 549639.0
903768.0 212849.0 717518.0 851662.0 367480.0 666795.0 625691.0 627207.0 923086.0 798713.0
1027244.0 456435.0 722750.0 873676.0 300491.0 735576.0 725134.0 660098.0 985502.0 1013089.0
1094875.0 714007.0 734919.0 916795.0 221476.0 763278.0 727690.0 678315.0 967261.0 1146931.0
1115616.0 872902.0 763281.0 981042.0 202639.0 761042.0 612510.0 692874.0 936753.0 1185263.0
1124804.0 863552.0 809545.0 1018174.0 277809.0 751109.0 427514.0 699038.0 907215.0 1121559.0
1139322.0 737154.0 830971.0 971066.0 414492.0 730885.0 253363.0 674634.0 895061.0 953704.0
1116860.0 548468.0 775941.0 826249.0 522895.0 697418.0 130175.0 599124.0 880841.0 714829.0
1011876.0 352563.0 631404.0 637129.0 535758.0 648545.0 65905.0 484680.0 793960.0 462836.0
814936.0 185992.0 443402.0 422513.0 460355.0 585531.0 38086.0 335992.0 641774.0 258095.0
564134.0 81000.0 264835.0 225316.0 357712.0 517711.0 23392.0 193962.0 462043.0 119868.0
319891.0 29554.0 120535.0 83587.0 249247.0 439234.0 13732.0 92917.0 298154.0 41784.0
122373.0 9064.0 27492.0 17831.0 145514.0 358849.0 7088.0 37177.0 174241.0 12434.0
21080.0 2132.0 1149.0 1640.0 57813.0 243490.0 3376.0 7597.0 81064.0 2679.0
994.0 19.0 261.0 0.0 13806.0 111120.0 1400.0 1166.0 25844.0 372.0
11.0 33.0 52.0 0.0 1834.0 22574.0 653.0 0.0 5629.0 0.0
154.0 0.0 0.0 0.0 0.0 1178.0 103.0 0.0 478.0 0.0
53.0 0.0 0.0 0.0 0.0 0.0 0.0 191.0 0.0 0.0
0.0 0.0 68.0 197.0 0.0 0.0 0.0 2784.0 0.0 0.0
92.0 17.0 437.0 844.0 136.0 0.0 0.0 18235.0 0.0 1.0
159.0 112.0 1933.0 18671.0 3145.0 0.0 0.0 53519.0 1333.0 169.0
1400.0 332.0 17919.0 63941.0 16297.0 1355.0 930.0 112873.0 7849.0 1992.0
10332.0 491.0 67605.0 123157.0 40709.0 13346.0 6156.0 211884.0 26508.0 8820.0
42195.0 1540.0 156291.0 210158.0 83531.0 44778.0 25840.0 338462.0 74164.0 32132.0
124330.0 3280.0 252546.0 304192.0 164164.0 108177.0 73546.0 496981.0 164557.0 84071.0
272681.0 4932.0 346747.0 392014.0 277375.0 214231.0 150645.0 657216.0 301924.0 198044.0
476459.0 9170.0 423764.0 461027.0 412717.0 352478.0 261815.0 813099.0 495457.0 380434.0
701597.0 20821.0 485218.0 495489.0 502228.0 506055.0 411651.0 944199.0 701782.0 648443.0
891498.0 67074.0 506507.0 496328.0 522734.0 647009.0 585324.0 1038052.0 844310.0 909707.0
1002992.0 205784.0 499386.0 486738.0 466127.0 722279.0 720205.0 1097776.0 886734.0 1078104.0
1024585.0 485413.0 484370.0 503139.0 358851.0 732264.0 764482.0 1125383.0 808226.0 1116918.0
988250.0 808684.0 495729.0 572738.0 243726.0 710065.0 674698.0 1144892.0 674027.0 1069474.0
936613.0 1008952.0 552406.0 706747.0 213154.0 672070.0 473701.0 1159178.0 589572.0 1028046.0
913390.0 959521.0 655944.0 840480.0 317711.0 636986.0 273007.0 1167305.0 586851.0 1012608.0
934816.0 753414.0 758661.0 892204.0 503033.0 604754.0 131667.0 1141387.0 648693.0 960017.0
1001907.0 498731.0 773067.0 822357.0 640679.0 567340.0 61430.0 1037593.0 748190.0 824362.0
1032568.0 271887.0 665134.0 652514.0 635643.0 524426.0 36091.0 843058.0 778011.0 597304.0
952012.0 116887.0 480854.0 434153.0 521906.0 479873.0 27300.0 585735.0 676195.0 364167.0
737149.0 43794.0 289298.0 231249.0 370226.0 432040.0 20520.0 346966.0 516764.0 185850.0
464802.0 13573.0 134972.0 88879.0 228481.0 371473.0 12342.0 168665.0 353718.0 71732.0
204674.0 4068.0 32366.0 17488.0 111857.0 312586.0 5704.0 64498.0 208218.0 20001.0
42312.0 957.0 820.0 884.0 39205.0 225544.0 1933.0 14775.0 99832.0 4878.0
740.0 0.0 110.0 0.0 8862.0 109963.0 767.0 1818.0 33389.0 748.0
0.0 0.0 0.0 0.0 1146.0 20424.0 538.0 0.0 6787.0 0.0
0.0 0.0 0.0 0.0 0.0 905.0 0.0 0.0 726.0 0.0
0.0 0.0 0.0 0.0 0.0 0.0 0.0 292.0 0.0 0.0
0.0 81.0 0.0 211.0 0.0 0.0 0.0 4476.0 0.0 0.0
43.0 0.0 406.0 1010.0 148.0 0.0 0.0 29082.0 0.0 32.0
281.0 43.0 2338.0 14299.0 3056.0 0.0 38.0 80526.0 1813.0 769.0
2513.0 225.0 16851.0 45918.0 17736.0 2576.0 1149.0 162495.0 12066.0 5220.0
19487.0 625.0 60710.0 85939.0 48808.0 16846.0 8360.0 287135.0 36769.0 23719.0
83377.0 1746.0 130644.0 139896.0 105666.0 57742.0 37534.0 444261.0 97098.0 73625.0
220127.0 3509.0 197159.0 186904.0 214753.0 138632.0 99704.0 632213.0 201757.0 175531.0
419093.0 5471.0 250896.0 221585.0 366294.0 274169.0 199668.0 816315.0 366881.0 361682.0
658212.0 9302.0 293064.0 243650.0 533990.0 430850.0 336927.0 978280.0 570534.0 633473.0
866626.0 20138.0 324195.0 252861.0 629978.0 588914.0 520223.0 1089221.0 750006.0 900160.0
983058.0 59710.0 322216.0 252464.0 624900.0 711333.0 694467.0 1147382.0 819754.0 1020744.0
987589.0 200200.0 297403.0 265117.0 522557.0 725830.0 796920.0 1150757.0 755661.0 945219.0
904533.0 523013.0 283947.0 321819.0 357432.0 669496.0 752275.0 1125803.0 581770.0 753129.0
773756.0 928776.0 306298.0 456703.0 210628.0 586375.0 556001.0 1113970.0 415019.0 595306.0
663749.0 1164294.0 404690.0 654612.0 198860.0 510753.0 321823.0 1129979.0 346452.0 568091.0
603333.0 1032721.0 564224.0 829333.0 356334.0 457206.0 154710.0 1182332.0 410340.0 669460.0
636200.0 712328.0 722758.0 898113.0 603446.0 416258.0 75191.0 1227244.0 555792.0 805594.0
767654.0 405959.0 775343.0 808261.0 753662.0 379014.0 54652.0 1182763.0 715275.0 822113.0
926368.0 180864.0 684857.0 607302.0 709063.0 343082.0 54581.0 996701.0 780753.0 665244.0
979668.0 61797.0 491015.0 380695.0 533104.0 305485.0 50994.0 697740.0 694675.0 427260.0
861161.0 17762.0 290593.0 187364.0 335298.0 274535.0 39965.0 410733.0 525981.0 218954.0
605149.0 5374.0 132845.0 69303.0 178197.0 241245.0 23512.0 195693.0 349244.0 86343.0
297132.0 1760.0 32011.0 13613.0 69455.0 202712.0 10984.0 68171.0 203650.0 24075.0
69277.0 539.0 956.0 182.0 18995.0 149865.0 3398.0 13666.0 95453.0 5337.0
900.0 65.0 78.0 62.0 4423.0 73056.0 1026.0 2039.0 31604.0 625.0
0.0 63.0 73.0 0.0 456.0 13257.0 505.0 156.0 6600.0 0.0
0.0 0.0 0.0 0.0 0.0 802.0 0.0 204.0 687.0 0.0
0.0 0.0 0.0 0.0 0.0 0.0 0.0 400.0 0.0 0.0
0.0 133.0 0.0 105.0 0.0 0.0 0.0 5676.0 0.0 0.0
139.0 0.0 197.0 673.0 304.0 0.0 0.0 30062.0 0.0 7.0
238.0 0.0 2093.0 10596.0 4057.0 0.0 45.0 80231.0 1425.0 1790.0
4522.0 278.0 11275.0 26189.0 20828.0 4563.0 1059.0 162147.0 13510.0 12974.0
42413.0 422.0 44177.0 45923.0 59481.0 21827.0 12045.0 276352.0 40384.0 49562.0
150808.0 1212.0 91701.0 70499.0 136050.0 72066.0 52874.0 422962.0 105087.0 129100.0
341252.0 2832.0 123963.0 90449.0 277834.0 173001.0 131345.0 587368.0 217015.0 286283.0
580905.0 5049.0 154729.0 106407.0 474341.0 331812.0 256227.0 742445.0 384922.0 546070.0
816573.0 9389.0 176773.0 122182.0 663602.0 521971.0 430105.0 856031.0 583803.0 823495.0
961540.0 20948.0 186962.0 148819.0 743441.0 688511.0 636660.0 905069.0 751316.0 970288.0
981422.0 53473.0 177274.0 195948.0 673811.0 777180.0 797746.0 876148.0 789746.0 867381.0
869446.0 195227.0 159402.0 281811.0 497813.0 730391.0 825300.0 801722.0 679477.0 592939.0
693297.0 578218.0 159094.0 428671.0 280779.0 606393.0 670491.0 736040.0 480541.0 343645.0
519117.0 1094878.0 217064.0 629546.0 144426.0 479993.0 407703.0 702257.0 330013.0 240373.0
385548.0 1327095.0 356631.0 834142.0 187983.0 384816.0 207788.0 748559.0 322879.0 316060.0
327881.0 1045466.0 556978.0 959511.0 417469.0 316214.0 118834.0 898610.0 451083.0 540069.0
372786.0 615031.0 732131.0 932667.0 723159.0 259735.0 110344.0 1084497.0 645254.0 790048.0
535437.0 280677.0 784694.0 750102.0 852900.0 216059.0 123937.0 1152521.0 802055.0 878489.0
768954.0 96873.0 683776.0 500352.0 743507.0 178017.0 129970.0 1003943.0 803334.0 744586.0
943618.0 24066.0 475651.0 279615.0 498710.0 148398.0 120503.0 692358.0 658102.0 469923.0
927454.0 5868.0 268895.0 121415.0 271478.0 125319.0 93423.0 390089.0 464012.0 231082.0
720014.0 2229.0 115087.0 39018.0 117571.0 106585.0 59656.0 173451.0 287185.0 87895.0
390242.0 794.0 27922.0 7329.0 35845.0 90223.0 27672.0 51890.0 153847.0 24126.0
101561.0 29.0 2269.0 62.0 9490.0 68424.0 9294.0 9019.0 70805.0 5077.0
1749.0 249.0 691.0 185.0 2408.0 34924.0 1745.0 1546.0 24616.0 893.0
0.0 173.0 361.0 0.0 34.0 7305.0 505.0 138.0 4761.0 33.0
0.0 38.0 0.0 0.0 0.0 335.0 0.0 55.0 696.0 0.0
0.0 0.0 0.0 0.0 0.0 0.0 0.0 356.0 0.0 0.0
33.0 62.0 0.0 77.0 13.0 0.0 0.0 4399.0 0.0 0.0
0.0 38.0 0.0 579.0 601.0 0.0 0.0 23832.0 0.0 203.0
254.0 115.0 1164.0 6033.0 5274.0 240.0 53.0 59449.0 776.0 3464.0
9247.0 520.0 8001.0 13805.0 23866.0 6118.0 1166.0 122798.0 10723.0 22521.0
78496.0 563.0 27778.0 22734.0 73616.0 27846.0 17803.0 207622.0 38199.0 78577.0
241373.0 747.0 50451.0 32425.0 177302.0 87101.0 70148.0 323453.0 97313.0 187681.0
485099.0 1858.0 65950.0 45439.0 363262.0 207312.0 166540.0 453589.0 200841.0 401381.0
740478.0 4127.0 81102.0 69276.0 602960.0 396020.0 325227.0 572396.0 363123.0 690644.0
932957.0 9021.0 94945.0 121593.0 797084.0 624358.0 544433.0 633678.0 564443.0 910068.0
984639.0 20081.0 97352.0 218199.0 823062.0 804328.0 756132.0 606869.0 730782.0 885391.0
881308.0 47512.0 92648.0 364435.0 658259.0 858861.0 868861.0 510954.0 795819.0 613354.0
670246.0 195574.0 92949.0 555156.0 397962.0 764830.0 791348.0 401143.0 723572.0 308232.0
460523.0 677109.0 123396.0 764070.0 176711.0 606531.0 550398.0 332896.0 553713.0 155219.0
289497.0 1306471.0 219128.0 953485.0 101515.0 462995.0 304693.0 319525.0 441847.0 169548.0
189243.0 1442966.0 397941.0 1073945.0 216268.0 365383.0 196103.0 414208.0 487875.0 341601.0
160131.0 989455.0 605901.0 1067424.0 531457.0 292741.0 213864.0 672709.0 661090.0 642796.0
217719.0 465422.0 760639.0 912456.0 858995.0 220398.0 262225.0 984020.0 835544.0 931537.0
377717.0 160967.0 781884.0 643416.0 925398.0 154498.0 295759.0 1117693.0 877513.0 995721.0
643913.0 40061.0 661582.0 380619.0 727609.0 100664.0 291987.0 945455.0 751604.0 798276.0
886337.0 7689.0 438317.0 183990.0 429431.0 64881.0 250981.0 620044.0 539809.0 475182.0
952284.0 2513.0 228215.0 64962.0 202801.0 45180.0 191286.0 314246.0 335938.0 212388.0
789030.0 1167.0 89590.0 16648.0 76146.0 33972.0 122604.0 126134.0 187663.0 77512.0
468532.0 679.0 22428.0 2833.0 20829.0 29108.0 64740.0 31855.0 93520.0 20289.0
135930.0 79.0 3995.0 15.0 4499.0 22062.0 21817.0 4054.0 43397.0 3545.0
3184.0 317.0 1685.0 201.0 958.0 11321.0 3544.0 352.0 14222.0 488.0
217.0 154.0 204.0 0.0 153.0 2779.0 339.0 9.0 3541.0 74.0
0.0 91.0 0.0 0.0 0.0 112.0 131.0 18.0 138.0 0.0
0.0 0.0 0.0 0.0 0.0 0.0 0.0 228.0 0.0 0.0
16.0 0.0 0.0 13.0 128.0 0.0 0.0 2464.0 0.0 0.0
61.0 13.0 0.0 78.0 598.0 0.0 0.0 13342.0 0.0 430.0
255.0 249.0 443.0 2371.0 5935.0 1157.0 53.0 35279.0 790.0 6197.0
16884.0 512.0 4924.0 6473.0 27748.0 7764.0 1369.0 78028.0 7167.0 33261.0
131069.0 247.0 15292.0 12795.0 92660.0 32391.0 23022.0 141297.0 28282.0 99392.0
357287.0 704.0 25412.0 20576.0 238307.0 101930.0 89363.0 225016.0 73733.0 234351.0
636720.0 1669.0 36085.0 43502.0 478339.0 240352.0 209243.0 333497.0 157618.0 477477.0
871498.0 4391.0 51356.0 104239.0 753947.0 460213.0 408142.0 419168.0 300671.0 764655.0
987597.0 9741.0 62812.0 232285.0 922360.0 714717.0 658397.0 430445.0 489724.0 907324.0
929387.0 18299.0 70466.0 434046.0 851712.0 910347.0 860166.0 360505.0 677886.0 760815.0
712551.0 42652.0 84124.0 679848.0 591064.0 943800.0 898143.0 248183.0 812113.0 452486.0
456098.0 213161.0 111509.0 912404.0 307184.0 832893.0 716111.0 152127.0 844082.0 236836.0
256314.0 846491.0 180906.0 1098830.0 150487.0 682518.0 457553.0 113396.0 766332.0 209320.0
134486.0 1511127.0 312818.0 1206161.0 146089.0 558004.0 317860.0 144588.0 710436.0 318753.0
84972.0 1478257.0 500661.0 1214154.0 329276.0 474174.0 352969.0 311625.0 799891.0 556892.0
82181.0 863174.0 678805.0 1112547.0 706874.0 393704.0 456316.0 672963.0 937526.0 878182.0
141777.0 298247.0 787053.0 887688.0 995168.0 311402.0 534805.0 1026984.0 958148.0 1113594.0
304823.0 69728.0 764843.0 592837.0 956512.0 220312.0 555052.0 1095824.0 816636.0 1069036.0
572018.0 12219.0 609961.0 334748.0 678483.0 134036.0 520298.0 855086.0 586140.0 768144.0
836928.0 2770.0 377961.0 147915.0 368248.0 71928.0 441365.0 498206.0 362887.0 407022.0
945366.0 1919.0 180083.0 49000.0 166598.0 33667.0 330426.0 220074.0 200759.0 167915.0
816110.0 642.0 67572.0 12061.0 65038.0 15810.0 209821.0 77687.0 101136.0 58477.0
516363.0 333.0 18490.0 1673.0 22455.0 8604.0 111797.0 18710.0 49038.0 15263.0
166378.0 34.0 7557.0 156.0 9496.0 3798.0 44446.0 2352.0 21478.0 1988.0
4603.0 118.0 3926.0 212.0 1931.0 1740.0 6785.0 582.0 6675.0 23.0
173.0 18.0 1058.0 0.0 378.0 740.0 349.0 159.0 1912.0 0.0
0.0 110.0 85.0 0.0 0.0 0.0 152.0 67.0 196.0 0.0
0.0 32.0 0.0 0.0 0.0 0.0 0.0 0.0 0.0 0.0
63.0 0.0 0.0 0.0 253.0 0.0 0.0 779.0 0.0 0.0
174.0 7.0 48.0 0.0 300.0 0.0 0.0 6523.0 0.0 305.0
522.0 200.0 578.0 1000.0 5784.0 1002.0 0.0 19929.0 455.0 6970.0
30111.0 533.0 3225.0 4031.0 35166.0 7799.0 1252.0 51014.0 3366.0 38573.0
206977.0 201.0 10832.0 8449.0 123996.0 34810.0 28387.0 97216.0 15870.0 111312.0
484856.0 549.0 24625.0 22104.0 322715.0 105605.0 108583.0 159824.0 46179.0 258188.0
776421.0 1305.0 43545.0 61209.0 614290.0 247771.0 260627.0 237481.0 106916.0 505458.0
959937.0 4353.0 68948.0 164186.0 898081.0 471276.0 504165.0 290245.0 217998.0 778745.0
977891.0 8363.0 96876.0 353951.0 1017837.0 738767.0 768712.0 276203.0 382710.0 879109.0
802181.0 14476.0 132288.0 616601.0 879814.0 922997.0 933835.0 201445.0 584983.0 724685.0
517501.0 44735.0 181055.0 884474.0 598798.0 944927.0 875605.0 108947.0 809720.0 500102.0
266490.0 283299.0 245873.0 1091984.0 372008.0 863945.0 642797.0 57242.0 982481.0 405919.0
118479.0 1089051.0 348492.0 1199422.0 293244.0 756755.0 467881.0 52024.0 1032677.0 459968.0
58493.0 1629829.0 487424.0 1218677.0 345439.0 668503.0 495813.0 128614.0 1033990.0 615528.0
40177.0 1440306.0 636356.0 1173818.0 573129.0 590624.0 642958.0 389319.0 1099340.0 852297.0
48342.0 668599.0 762859.0 1082475.0 928086.0 518945.0 764643.0 820505.0 1079504.0 1114435.0
117063.0 151177.0 804494.0 910946.0 1114252.0 445232.0 811104.0 1113764.0 891319.0 1236622.0
290173.0 22902.0 719737.0 676624.0 968824.0 350054.0 785568.0 1048393.0 621866.0 1048679.0
551197.0 3723.0 531093.0 415070.0 656827.0 233673.0 714986.0 727460.0 376042.0 659387.0
819312.0 1346.0 307177.0 203170.0 369192.0 130194.0 600781.0 372429.0 204093.0 305858.0
935694.0 1235.0 139126.0 79583.0 185120.0 61021.0 458949.0 147495.0 106163.0 117890.0
808956.0 326.0 54583.0 21454.0 87740.0 25096.0 298774.0 49402.0 53558.0 38479.0
524011.0 168.0 24035.0 4088.0 40948.0 9010.0 165410.0 15029.0 25506.0 10420.0
182494.0 5.0 15595.0 512.0 17573.0 2449.0 71339.0 4579.0 10107.0 1508.0
6316.0 101.0 7958.0 105.0 3513.0 464.0 11887.0 977.0 3557.0 204.0
20.0 14.0 2824.0 0.0 603.0 96.0 443.0 92.0 835.0 52.0
0.0 0.0 560.0 0.0 0.0 0.0 41.0 0.0 51.0 0.0
0.0 0.0 0.0 0.0 0.0 113.0 0.0 0.0 0.0 0.0
0.0 0.0 0.0 160.0 121.0 0.0 0.0 214.0 0.0 0.0
0.0 11.0 0.0 91.0 283.0 0.0 0.0 2667.0 0.0 198.0
293.0 257.0 959.0 1094.0 7405.0 609.0 0.0 10755.0 80.0 6519.0
50369.0 357.0 5385.0 4027.0 47254.0 6020.0 626.0 32583.0 1130.0 36184.0
297539.0 267.0 20733.0 10248.0 165989.0 30474.0 33778.0 68686.0 8507.0 104855.0
610683.0 308.0 54404.0 24408.0 413336.0 90009.0 131656.0 114284.0 25617.0 246979.0
890329.0 828.0 105212.0 71643.0 727467.0 208460.0 319379.0 164806.0 65716.0 476663.0
1002939.0 4075.0 165355.0 184297.0 1002315.0 401024.0 594747.0 190464.0 143808.0 736013.0
908972.0 7895.0 232745.0 377297.0 1092388.0 629802.0 870605.0 165421.0 281674.0 855352.0
644005.0 15523.0 310667.0 609966.0 970906.0 777352.0 968800.0 113523.0 498647.0 795230.0
340945.0 71055.0 396678.0 815452.0 772837.0 801988.0 837591.0 69237.0 789317.0 702212.0
141293.0 438714.0 491503.0 942185.0 656524.0 764242.0 629187.0 52824.0 1060508.0 692757.0
56179.0 1305168.0 604612.0 982896.0 633168.0 710222.0 591781.0 75453.0 1209550.0 756250.0
29417.0 1660556.0 714466.0 981154.0 702734.0 663133.0 735891.0 214448.0 1244334.0 869902.0
24510.0 1323278.0 811721.0 965005.0 906159.0 620421.0 890722.0 586167.0 1210807.0 1034426.0
43578.0 450990.0 850407.0 958540.0 1143008.0 573627.0 943577.0 1013374.0 1019860.0 1229077.0
135229.0 65725.0 803296.0 926667.0 1198830.0 526254.0 907471.0 1166997.0 706560.0 1248116.0
326422.0 8039.0 665321.0 805840.0 997230.0 451818.0 846620.0 963587.0 416646.0 938148.0
592405.0 1809.0 456137.0 579487.0 692075.0 331214.0 795155.0 589933.0 229755.0 505267.0
838572.0 980.0 256405.0 329558.0 421985.0 205112.0 703843.0 276124.0 122447.0 210768.0
920341.0 1215.0 121951.0 149682.0 235880.0 105393.0 547047.0 111892.0 65806.0 77377.0
774567.0 519.0 58734.0 49821.0 128928.0 46117.0 366446.0 46770.0 33918.0 26428.0
496480.0 192.0 37418.0 11155.0 68910.0 16604.0 203336.0 19630.0 15737.0 7513.0
181433.0 192.0 26488.0 1186.0 26161.0 5035.0 89080.0 6543.0 6384.0 793.0
7497.0 47.0 13683.0 41.0 5032.0 316.0 18696.0 1734.0 1946.0 226.0
0.0 25.0 4752.0 0.0 231.0 0.0 350.0 0.0 127.0 62.0
0.0 0.0 133.0 0.0 0.0 0.0 0.0 0.0 0.0 0.0
0.0 0.0 0.0 0.0 0.0 37.0 0.0 7.0 0.0 0.0
0.0 0.0 0.0 226.0 6.0 0.0 0.0 0.0 0.0 0.0
0.0 95.0 105.0 1121.0 418.0 0.0 0.0 908.0 0.0 59.0
384.0 204.0 3583.0 3656.0 10237.0 1092.0 0.0 5959.0 86.0 5134.0
80051.0 184.0 17250.0 9415.0 52480.0 4822.0 950.0 19602.0 503.0 28377.0
390760.0 113.0 60169.0 18175.0 195820.0 25255.0 38458.0 46683.0 4923.0 84133.0
719218.0 77.0 137031.0 30469.0 450612.0 70386.0 153498.0 81850.0 17863.0 198295.0
959594.0 1349.0 236824.0 64565.0 741773.0 146998.0 368975.0 110356.0 49803.0 392341.0
996755.0 3800.0 341533.0 143702.0 992630.0 274930.0 667836.0 120402.0 118516.0 626322.0
809792.0 8135.0 448577.0 276024.0 1090149.0 418479.0 934413.0 113492.0 254649.0 790223.0
496120.0 28639.0 557337.0 427598.0 1056354.0 514810.0 981307.0 96342.0 488928.0 835427.0
217836.0 156843.0 665917.0 540224.0 988158.0 536812.0 824660.0 89418.0 805288.0 829390.0
78199.0 657855.0 776991.0 590798.0 946847.0 529277.0 685019.0 98936.0 1106713.0 832192.0
28616.0 1421091.0 878772.0 599613.0 949145.0 522863.0 740832.0 162729.0 1244467.0 844124.0
18585.0 1629575.0 941268.0 607041.0 1012960.0 527018.0 883542.0 398152.0 1239021.0 884204.0
26795.0 1116823.0 955172.0 646582.0 1143138.0 538990.0 926143.0 830833.0 1118525.0 1043602.0
69716.0 292387.0 902411.0 739062.0 1254472.0 552700.0 856987.0 1149414.0 865140.0 1225981.0
198698.0 33613.0 790668.0 855061.0 1213933.0 553412.0 779657.0 1138930.0 559109.0 1163113.0
415474.0 4274.0 612333.0 870740.0 983149.0 511544.0 759836.0 824340.0 323823.0 774905.0
679560.0 1175.0 412000.0 719225.0 683524.0 406134.0 784202.0 460186.0 187226.0 369524.0
873839.0 616.0 247017.0 464004.0 427221.0 267573.0 749254.0 214094.0 106165.0 147191.0
887876.0 1183.0 142071.0 233127.0 249878.0 148876.0 602405.0 97804.0 57735.0 54101.0
714401.0 552.0 92684.0 95019.0 143505.0 73735.0 398767.0 47164.0 32465.0 20515.0
438178.0 55.0 68178.0 24405.0 75367.0 28152.0 216256.0 21108.0 15689.0 6048.0
155816.0 55.0 48045.0 2818.0 28406.0 8072.0 92137.0 7778.0 5895.0 675.0
6588.0 19.0 24568.0 5.0 6182.0 628.0 23655.0 1531.0 1372.0 226.0
0.0 10.0 7456.0 209.0 606.0 0.0 509.0 0.0 0.0 103.0
0.0 0.0 644.0 0.0 6.0 0.0 0.0 0.0 0.0 0.0
0.0 0.0 0.0 0.0 0.0 0.0 0.0 40.0 0.0 0.0
0.0 39.0 0.0 199.0 0.0 0.0 0.0 0.0 0.0 0.0
0.0 150.0 532.0 3419.0 134.0 0.0 0.0 211.0 0.0 14.0
756.0 5.0 9168.0 11028.0 7727.0 1903.0 18.0 3493.0 226.0 3054.0
110151.0 131.0 46790.0 23285.0 45595.0 9346.0 2218.0 12508.0 509.0 17665.0
467924.0 314.0 136111.0 34866.0 181840.0 35362.0 42221.0 30089.0 5672.0 57339.0
796481.0 597.0 270283.0 43624.0 393633.0 74123.0 164868.0 53016.0 23130.0 133540.0
994327.0 1503.0 409965.0 61502.0 613416.0 111362.0 399592.0 71557.0 66672.0 266788.0
961809.0 4204.0 544659.0 97535.0 805296.0 162371.0 712612.0 83583.0 160165.0 446469.0
710375.0 17025.0 664647.0 155467.0 903586.0 224945.0 967115.0 95218.0 330402.0 604396.0
385558.0 78538.0 763659.0 209020.0 927535.0 266077.0 995345.0 104365.0 596211.0 696115.0
153334.0 309612.0 864640.0 248978.0 924004.0 280448.0 854779.0 119440.0 894355.0 717315.0
52072.0 849520.0 964653.0 260384.0 924087.0 295543.0 759894.0 163449.0 1098388.0 700171.0
22885.0 1448794.0 1032874.0 269265.0 952749.0 326408.0 806236.0 297418.0 1113669.0 681146.0
25947.0 1511094.0 1048842.0 299567.0 1045241.0 382369.0 842556.0 633806.0 1039150.0 759833.0
56028.0 879202.0 1012232.0 380433.0 1169485.0 446034.0 758535.0 1027793.0 925596.0 990261.0
141101.0 218944.0 921083.0 538661.0 1219263.0 504616.0 634227.0 1181687.0 745419.0 1158408.0
317564.0 29095.0 775301.0 753811.0 1104704.0 549460.0 605844.0 1002568.0 521752.0 1012987.0
561979.0 4774.0 601525.0 877082.0 850158.0 540906.0 698959.0 641875.0 331647.0 613435.0
794418.0 2097.0 428212.0 787396.0 559972.0 450805.0 800979.0 335753.0 205448.0 276207.0
903808.0 1024.0 298787.0 550393.0 342269.0 312585.0 777817.0 153684.0 123367.0 112706.0
832577.0 1285.0 213599.0 303650.0 197943.0 182976.0 601126.0 77579.0 68451.0 43234.0
619398.0 606.0 161956.0 133183.0 110102.0 95528.0 385466.0 40473.0 38720.0 18294.0
352100.0 210.0 124179.0 41166.0 54937.0 40539.0 196605.0 18712.0 21313.0 4826.0
115424.0 408.0 84237.0 5515.0 22290.0 11986.0 82333.0 6086.0 7953.0 701.0
4744.0 61.0 43469.0 2.0 4416.0 649.0 22127.0 589.0 1108.0 61.0
0.0 146.0 10001.0 35.0 700.0 18.0 555.0 0.0 0.0 35.0
12.0 0.0 715.0 0.0 11.0 0.0 0.0 0.0 0.0 0.0
0.0 0.0 0.0 0.0 0.0 0.0 0.0 0.0 0.0 0.0
0.0 127.0 0.0 246.0 0.0 0.0 0.0 64.0 0.0 0.0
0.0 44.0 984.0 5211.0 337.0 0.0 0.0 85.0 16.0 55.0
1278.0 0.0 22203.0 23853.0 4171.0 2212.0 93.0 1825.0 103.0 1463.0
140735.0 149.0 94633.0 49660.0 31917.0 19728.0 2883.0 7519.0 1394.0 8516.0
515763.0 507.0 231747.0 67649.0 125457.0 70950.0 41146.0 17517.0 11131.0 29597.0
833957.0 1059.0 408563.0 77177.0 257092.0 126242.0 159291.0 28196.0 43136.0 72359.0
1005133.0 2407.0 566721.0 86784.0 389627.0 139468.0 396348.0 41686.0 117415.0 144992.0
932427.0 11366.0 689066.0 92412.0 487753.0 135855.0 716116.0 58369.0 259544.0 244724.0
658887.0 48015.0 775913.0 92003.0 547781.0 136630.0 979346.0 76250.0 490942.0 347315.0
339820.0 179251.0 844929.0 95945.0 575500.0 134932.0 1044521.0 94324.0 753631.0 418032.0
138236.0 487106.0 927869.0 98708.0 592939.0 140879.0 937624.0 131156.0 951570.0 438115.0
60225.0 973918.0 997309.0 102453.0 620252.0 158255.0 823935.0 220700.0 982866.0 435280.0
46207.0 1404893.0 1042408.0 114658.0 709410.0 208075.0 786650.0 459377.0 866744.0 478603.0
71273.0 1306103.0 1039103.0 153578.0 871846.0 294033.0 725217.0 840749.0 787981.0 667107.0
145871.0 700355.0 989565.0 261432.0 1021558.0 391237.0 607613.0 1116487.0 748413.0 943684.0
292596.0 197144.0 896871.0 456057.0 1041179.0 489494.0 547431.0 1094275.0 676900.0 1042743.0
510096.0 35656.0 773975.0 707479.0 880926.0 554137.0 633459.0 801035.0 533737.0 840949.0
738979.0 8665.0 638837.0 860393.0 628521.0 554028.0 801791.0 462411.0 377199.0 486771.0
890468.0 4698.0 508636.0 804576.0 382597.0 469092.0 884825.0 221780.0 244768.0 224249.0
894360.0 2813.0 403993.0 576520.0 218088.0 334445.0 779698.0 100658.0 151983.0 97153.0
733895.0 2253.0 321336.0 341131.0 117150.0 205185.0 551936.0 50027.0 87273.0 38312.0
497333.0 1790.0 255479.0 161102.0 58702.0 108576.0 323289.0 25348.0 50375.0 14571.0
249492.0 1094.0 193190.0 52938.0 28212.0 48871.0 153884.0 11410.0 26782.0 4215.0
73103.0 954.0 130790.0 6028.0 10336.0 14959.0 57667.0 4911.0 9963.0 688.0
3008.0 351.0 62790.0 0.0 1893.0 643.0 14628.0 892.0 575.0 220.0
0.0 239.0 11321.0 0.0 371.0 58.0 362.0 159.0 92.0 0.0
104.0 8.0 410.0 0.0 11.0 0.0 0.0 0.0 0.0 0.0
0.0 3.0 0.0 0.0 0.0 0.0 0.0 60.0 0.0 51.0
0.0 24.0 0.0 253.0 0.0 0.0 0.0 42.0 0.0 0.0
0.0 5.0 1026.0 9004.0 315.0 44.0 0.0 286.0 23.0 127.0
1784.0 0.0 38051.0 43390.0 2684.0 3123.0 192.0 1101.0 55.0 829.0
153186.0 0.0 146046.0 91334.0 17182.0 34003.0 3767.0 4241.0 3262.0 4266.0
512702.0 460.0 322062.0 129582.0 63284.0 116951.0 34035.0 8040.0 24858.0 13098.0
829964.0 1651.0 515099.0 153038.0 122609.0 213223.0 135214.0 12664.0 78205.0 32983.0
1006273.0 8040.0 672178.0 159292.0 181758.0 232205.0 353502.0 21062.0 193530.0 63114.0
945259.0 32333.0 766822.0 146126.0 216153.0 198788.0 662301.0 33544.0 390592.0 104693.0
687029.0 113786.0 836393.0 117959.0 236411.0 161207.0 964406.0 49979.0 640868.0 151630.0
393600.0 305597.0 902600.0 96584.0 251032.0 130640.0 1114589.0 77124.0 843448.0 189584.0
203595.0 632631.0 953017.0 81791.0 285043.0 122051.0 1065104.0 145156.0 890979.0 215630.0
132149.0 1019175.0 997165.0 75400.0 365020.0 141971.0 924121.0 312059.0 763279.0 256993.0
141474.0 1287046.0 1018239.0 89048.0 519692.0 200809.0 815127.0 630731.0 610300.0 395330.0
209654.0 1097784.0 996053.0 143773.0 711210.0 298098.0 732635.0 960249.0 585051.0 658925.0
343990.0 605731.0 945340.0 283816.0 840614.0 410188.0 690586.0 1090378.0 637815.0 883625.0
531473.0 206704.0 878792.0 510772.0 833095.0 514621.0 748736.0 918736.0 638816.0 899131.0
737091.0 50064.0 796108.0 747136.0 672756.0 579303.0 886306.0 601011.0 548669.0 682653.0
890292.0 15778.0 710665.0 869249.0 447448.0 562085.0 983555.0 317341.0 419564.0 401138.0
925519.0 8815.0 615590.0 796230.0 256565.0 463606.0 911093.0 140417.0 281886.0 197925.0
807532.0 6554.0 528232.0 569658.0 135293.0 334790.0 690263.0 61794.0 177409.0 90540.0
589207.0 4407.0 447032.0 344871.0 66725.0 207498.0 437848.0 28046.0 102942.0 37178.0
358249.0 2929.0 360402.0 167961.0 30653.0 114348.0 229069.0 13076.0 61167.0 14949.0
155938.0 1718.0 269918.0 51922.0 13055.0 51018.0 99068.0 5117.0 30024.0 5162.0
38978.0 1174.0 167058.0 5067.0 3917.0 15652.0 31011.0 2312.0 8812.0 762.0
1373.0 642.0 65990.0 0.0 691.0 675.0 7146.0 326.0 489.0 581.0
0.0 344.0 8251.0 0.0 120.0 133.0 222.0 127.0 39.0 0.0
0.0 241.0 486.0 0.0 4.0 0.0 0.0 0.0 0.0 0.0
0.0 15.0 0.0 0.0 0.0 0.0 0.0 0.0 0.0 0.0
52.0 82.0 0.0 399.0 0.0 0.0 0.0 198.0 0.0 0.0
51.0 38.0 1687.0 14333.0 220.0 541.0 0.0 309.0 0.0 0.0
2490.0 151.0 49939.0 62988.0 1930.0 3598.0 63.0 549.0 272.0 649.0
142935.0 119.0 178803.0 137880.0 8209.0 41550.0 3519.0 2327.0 6196.0 1873.0
464731.0 900.0 368580.0 214522.0 25347.0 155338.0 23828.0 3502.0 41328.0 5992.0
784727.0 7179.0 575768.0 264300.0 44145.0 299860.0 95315.0 5599.0 120193.0 12904.0
995192.0 25363.0 746500.0 285040.0 59995.0 365533.0 267485.0 10231.0 279497.0 23908.0
998335.0 80157.0 861144.0 273725.0 70063.0 346691.0 549680.0 19270.0 503673.0 38271.0
823173.0 209184.0 940397.0 234964.0 82107.0 290471.0 877118.0 38075.0 725539.0 55263.0
577479.0 435759.0 989332.0 190932.0 107033.0 241135.0 1137209.0 87184.0 826169.0 80586.0
400441.0 728704.0 1015701.0 154288.0 167935.0 218988.0 1198437.0 207828.0 742977.0 122781.0
340921.0 1000116.0 1016964.0 145778.0 291292.0 232744.0 1119389.0 452842.0 571986.0 226014.0
372739.0 1130239.0 987687.0 177026.0 468219.0 284835.0 1015689.0 765854.0 453783.0 428308.0
477284.0 935794.0 931735.0 271097.0 630138.0 376933.0 964466.0 995276.0 488969.0 675037.0
629326.0 559012.0 874228.0 444325.0 712460.0 487547.0 990364.0 971870.0 591074.0 808001.0
798116.0 231393.0 822708.0 673454.0 683252.0 575064.0 1061810.0 723329.0 632983.0 753368.0
926473.0 69194.0 780599.0 856897.0 549207.0 610060.0 1090461.0 434697.0 567546.0 560816.0
952371.0 25600.0 742494.0 891972.0 361950.0 563204.0 989998.0 215407.0 450698.0 342949.0
844940.0 15135.0 688033.0 760765.0 206872.0 447913.0 763476.0 92098.0 310046.0 183720.0
646272.0 9602.0 617028.0 528219.0 107345.0 317720.0 503560.0 37457.0 193111.0 87701.0
424858.0 6287.0 527847.0 312763.0 51654.0 194904.0 279392.0 13964.0 113725.0 36244.0
221353.0 3809.0 416437.0 143301.0 21246.0 104886.0 129211.0 5617.0 64879.0 15639.0
79601.0 2329.0 292849.0 37549.0 7877.0 45164.0 46867.0 1676.0 29275.0 6194.0
15004.0 1515.0 163468.0 3569.0 1688.0 12186.0 12327.0 1203.0 5976.0 1467.0
532.0 728.0 58436.0 21.0 249.0 796.0 2176.0 267.0 157.0 748.0
0.0 218.0 8200.0 0.0 14.0 155.0 215.0 0.0 0.0 0.0
0.0 161.0 249.0 0.0 0.0 0.0 0.0 0.0 0.0 0.0
0.0 0.0 0.0 0.0 0.0 0.0 0.0 0.0 0.0 0.0
131.0 0.0 13.0 728.0 0.0 0.0 0.0 44.0 0.0 0.0
91.0 9.0 2740.0 16283.0 128.0 575.0 9.0 8.0 0.0 77.0
2098.0 105.0 52075.0 75328.0 786.0 4052.0 0.0 113.0 437.0 346.0
107956.0 622.0 181220.0 169970.0 2921.0 35423.0 2272.0 569.0 8435.0 1395.0
366800.0 4667.0 356871.0 282510.0 7672.0 150741.0 12076.0 1710.0 54209.0 4389.0
682419.0 20403.0 573313.0 378088.0 14189.0 334194.0 51530.0 3056.0 160969.0 6952.0
940633.0 58063.0 765965.0 448165.0 18912.0 471532.0 160736.0 8071.0 344525.0 11040.0
1060905.0 148377.0 923182.0 481446.0 26653.0 524919.0 367395.0 22115.0 558598.0 18580.0
1025734.0 314840.0 1022499.0 458557.0 45403.0 508930.0 669091.0 58481.0 734718.0 31323.0
887312.0 541346.0 1049791.0 407984.0 89946.0 465009.0 988013.0 150078.0 780733.0 64143.0
758310.0 769387.0 1036854.0 368469.0 179199.0 430427.0 1197978.0 329091.0 664051.0 139412.0
704142.0 933288.0 978453.0 367202.0 318780.0 424131.0 1262947.0 595621.0 528993.0 290517.0
730690.0 983751.0 891101.0 429521.0 469390.0 463100.0 1249601.0 848663.0 470454.0 504100.0
815345.0 828780.0 801987.0 557546.0 575157.0 532573.0 1229556.0 943519.0 537459.0 675223.0
923384.0 539121.0 732916.0 729433.0 619270.0 612910.0 1206828.0 815184.0 638665.0 715634.0
990811.0 260062.0 701902.0 894665.0 586707.0 659178.0 1139844.0 564908.0 664150.0 630748.0
980871.0 95068.0 691388.0 955805.0 476575.0 646618.0 983114.0 326256.0 592300.0 480355.0
858989.0 39188.0 694827.0 876313.0 325192.0 557222.0 747813.0 156602.0 469173.0 307264.0
663431.0 20610.0 665172.0 668955.0 193543.0 417825.0 483929.0 63909.0 321155.0 175610.0
449926.0 11938.0 599547.0 437449.0 102569.0 279471.0 269043.0 24052.0 196266.0 86889.0
255590.0 6858.0 502158.0 236641.0 49848.0 161654.0 126908.0 8320.0 110336.0 38329.0
109399.0 3725.0 377214.0 94484.0 22127.0 84526.0 48204.0 3273.0 57685.0 17080.0
31206.0 1848.0 249892.0 21639.0 8670.0 33175.0 15297.0 889.0 22540.0 7094.0
4960.0 1384.0 133832.0 1919.0 2433.0 7418.0 3456.0 856.0 3774.0 2801.0
157.0 627.0 40493.0 21.0 244.0 777.0 864.0 377.0 254.0 1136.0
144.0 190.0 5865.0 78.0 0.0 172.0 252.0 0.0 0.0 0.0
0.0 51.0 0.0 0.0 0.0 50.0 0.0 0.0 0.0 0.0
0.0 32.0 0.0 0.0 0.0 0.0 0.0 0.0 0.0 0.0
0.0 10.0 185.0 567.0 0.0 0.0 0.0 0.0 0.0 0.0
38.0 76.0 2982.0 13660.0 3.0 239.0 25.0 0.0 0.0 31.0
1874.0 398.0 39589.0 64781.0 113.0 3195.0 0.0 0.0 270.0 132.0
64066.0 2379.0 138633.0 156750.0 611.0 25238.0 500.0 724.0 8069.0 985.0
242481.0 13299.0 286165.0 289059.0 2845.0 110017.0 3799.0 2732.0 60325.0 3307.0
509083.0 40313.0 476646.0 445007.0 4311.0 281200.0 19046.0 6785.0 180523.0 5654.0
798711.0 96125.0 669857.0 588261.0 10590.0 473699.0 66885.0 17058.0 362250.0 10817.0
1025276.0 216214.0 836311.0 701960.0 25772.0 612203.0 172941.0 46350.0 565653.0 22744.0
1151105.0 394329.0 939521.0 749214.0 59117.0 681185.0 359864.0 119117.0 731226.0 50442.0
1161139.0 593134.0 949758.0 753561.0 121013.0 695398.0 617383.0 253228.0 805859.0 108635.0
1115425.0 754943.0 897989.0 742863.0 225562.0 684875.0 872285.0 467704.0 767945.0 217754.0
1076362.0 841493.0 804467.0 763598.0 354048.0 674672.0 1047733.0 699369.0 709531.0 384367.0
1066242.0 856543.0 694027.0 830591.0 461504.0 690390.0 1119154.0 846044.0 701559.0 556284.0
1077052.0 752170.0 600678.0 927530.0 521962.0 720021.0 1088920.0 835763.0 743603.0 642995.0
1069626.0 530387.0 541462.0 1016157.0 547886.0 745419.0 973588.0 671599.0 774463.0 621495.0
992243.0 287179.0 522647.0 1036006.0 514105.0 726048.0 793329.0 454433.0 733298.0 542260.0
838965.0 116761.0 530300.0 939318.0 427425.0 642719.0 574032.0 259324.0 613883.0 425233.0
638596.0 45776.0 538406.0 741815.0 304542.0 496818.0 360037.0 123509.0 462336.0 283641.0
429683.0 22310.0 521576.0 506792.0 194418.0 344226.0 197304.0 50533.0 300111.0 168890.0
247694.0 11686.0 462731.0 294301.0 107892.0 213202.0 91721.0 19694.0 175442.0 89037.0
114255.0 6134.0 373133.0 138199.0 53366.0 117769.0 37836.0 7241.0 88161.0 41655.0
38630.0 1962.0 268335.0 44974.0 25400.0 54130.0 12994.0 2695.0 42331.0 19238.0
9795.0 972.0 171530.0 8454.0 10261.0 19117.0 3708.0 499.0 13989.0 8220.0
1710.0 1095.0 85576.0 510.0 3118.0 3357.0 938.0 574.0 1761.0 3540.0
121.0 455.0 23302.0 0.0 357.0 770.0 317.0 381.0 174.0 752.0
439.0 222.0 2442.0 33.0 0.0 155.0 252.0 0.0 0.0 0.0
39.0 0.0 0.0 0.0 0.0 0.0 0.0 0.0 0.0 0.0
0.0 31.0 0.0 0.0 0.0 0.0 0.0 0.0 0.0 0.0
0.0 10.0 0.0 49.0 0.0 0.0 0.0 0.0 0.0 0.0
0.0 75.0 1619.0 9507.0 0.0 24.0 0.0 0.0 0.0 0.0
924.0 257.0 19437.0 42634.0 0.0 1346.0 0.0 103.0 388.0 189.0
24255.0 3525.0 71681.0 114646.0 0.0 14422.0 0.0 1748.0 5634.0 755.0
119672.0 20190.0 164705.0 225192.0 754.0 61701.0 249.0 6724.0 49429.0 2106.0
300273.0 52331.0 295034.0 393819.0 3730.0 175638.0 2116.0 15380.0 159211.0 5906.0
540120.0 121800.0 440216.0 586366.0 12830.0 344558.0 13464.0 38978.0 324018.0 15962.0
798014.0 253470.0 566638.0 775758.0 35132.0 527531.0 39492.0 97438.0 522580.0 42098.0
1012639.0 420063.0 637508.0 929954.0 78783.0 678120.0 88892.0 205354.0 718113.0 90898.0
1146064.0 581181.0 644611.0 1028440.0 156177.0 773419.0 180230.0 371386.0 886198.0 178980.0
1194098.0 681656.0 593453.0 1086453.0 257422.0 822568.0 284534.0 570548.0 985101.0 310197.0
1188843.0 726583.0 510668.0 1120701.0 361291.0 840466.0 382323.0 733555.0 1025473.0 461556.0
1150170.0 729128.0 421749.0 1138788.0 428555.0 840736.0 430609.0 789427.0 1021247.0 567726.0
1065414.0 673833.0 356369.0 1129377.0 467170.0 822215.0 419285.0 725241.0 989164.0 588746.0
926239.0 500375.0 318268.0 1066362.0 487140.0 774059.0 351742.0 563665.0 901738.0 541564.0
743603.0 287794.0 310553.0 923268.0 457128.0 675177.0 253507.0 378222.0 753713.0 479420.0
543287.0 124063.0 315787.0 718318.0 389620.0 528289.0 159504.0 217329.0 571845.0 390341.0
352943.0 45250.0 322706.0 491850.0 287082.0 371602.0 87047.0 104618.0 388296.0 268629.0
200726.0 18068.0 307190.0 292535.0 193689.0 230782.0 41799.0 44762.0 228596.0 165702.0
92259.0 8586.0 269282.0 148330.0 113696.0 129978.0 18143.0 18140.0 122491.0 93302.0
34253.0 3744.0 213414.0 58254.0 58563.0 62737.0 7220.0 6727.0 57174.0 47601.0
9856.0 876.0 150105.0 16433.0 27027.0 26099.0 2340.0 2340.0 24525.0 22937.0
2540.0 370.0 90205.0 2578.0 10952.0 8697.0 452.0 286.0 6777.0 10644.0
713.0 173.0 39364.0 55.0 3211.0 1702.0 21.0 393.0 989.0 3487.0
163.0 349.0 8478.0 0.0 514.0 693.0 77.0 242.0 213.0 618.0
154.0 252.0 383.0 5.0 64.0 104.0 108.0 0.0 0.0 0.0
72.0 0.0 0.0 0.0 0.0 0.0 0.0 0.0 0.0 0.0
0.0 0.0 0.0 0.0 0.0 0.0 0.0 0.0 0.0 0.0
0.0 0.0 0.0 0.0 0.0 0.0 0.0 0.0 0.0 0.0
0.0 0.0 116.0 3677.0 0.0 57.0 0.0 0.0 0.0 0.0
59.0 12.0 4136.0 19690.0 0.0 772.0 0.0 148.0 171.0 138.0
5117.0 3540.0 19112.0 61866.0 0.0 6474.0 0.0 4361.0 2856.0 636.0
33218.0 17814.0 50035.0 130310.0 483.0 27084.0 0.0 12826.0 26130.0 2984.0
104808.0 46764.0 96407.0 245022.0 4774.0 84159.0 0.0 31497.0 98347.0 10077.0
237094.0 107479.0 154683.0 402960.0 17104.0 187190.0 467.0 76441.0 224151.0 28839.0
412598.0 216754.0 205602.0 584868.0 41583.0 326338.0 2774.0 158845.0 397336.0 68697.0
600281.0 349936.0 235396.0 761970.0 88084.0 470881.0 6950.0 288939.0 596113.0 134999.0
756436.0 459539.0 240996.0 911165.0 160415.0 600435.0 12888.0 457262.0 795090.0 241906.0
853842.0 516177.0 222826.0 1008613.0 247844.0 692752.0 21367.0 618455.0 967903.0 372153.0
869062.0 532445.0 192871.0 1037409.0 321623.0 735598.0 31490.0 712345.0 1065304.0 484116.0
798640.0 536180.0 161527.0 1004445.0 364467.0 728626.0 41293.0 712586.0 1064333.0 537783.0
673218.0 508132.0 139156.0 896832.0 395353.0 675095.0 42653.0 624334.0 956667.0 524086.0
514636.0 386755.0 123749.0 739996.0 410261.0 576012.0 37241.0 479392.0 792518.0 474450.0
357999.0 218473.0 120594.0 552330.0 383310.0 447578.0 26298.0 322338.0 594906.0 431342.0
221435.0 87541.0 117435.0 372970.0 332504.0 308843.0 15745.0 192202.0 401311.0 361642.0
117914.0 26000.0 115497.0 225530.0 252960.0 188652.0 9256.0 94294.0 238602.0 261129.0
52205.0 9518.0 108811.0 117985.0 174134.0 107429.0 5314.0 41480.0 128457.0 169057.0
19363.0 4442.0 96066.0 48059.0 107825.0 54335.0 2631.0 17183.0 62515.0 99002.0
5868.0 1751.0 78709.0 15273.0 53821.0 23061.0 948.0 5951.0 28089.0 51683.0
1965.0 678.0 53705.0 3788.0 23583.0 8952.0 390.0 2318.0 10722.0 26203.0
950.0 119.0 28980.0 573.0 9582.0 3249.0 0.0 484.0 3087.0 11875.0
443.0 329.0 9656.0 232.0 2525.0 1069.0 0.0 447.0 451.0 3470.0
102.0 260.0 1738.0 12.0 337.0 424.0 0.0 145.0 75.0 385.0
0.0 290.0 84.0 81.0 64.0 58.0 0.0 0.0 0.0 0.0
0.0 0.0 0.0 0.0 0.0 0.0 0.0 0.0 0.0 0.0
0.0 0.0 0.0 0.0 0.0 0.0 0.0 0.0 0.0 0.0
0.0 0.0 0.0 0.0 0.0 0.0 0.0 0.0 0.0 0.0
0.0 0.0 0.0 846.0 0.0 0.0 0.0 105.0 0.0 0.0
0.0 1.0 79.0 6184.0 0.0 350.0 0.0 718.0 0.0 0.0
972.0 856.0 1129.0 21040.0 0.0 1202.0 0.0 6112.0 314.0 993.0
3553.0 5529.0 3730.0 46923.0 826.0 6103.0 0.0 18215.0 5876.0 5296.0
13537.0 13805.0 7720.0 91262.0 4943.0 24896.0 0.0 47844.0 32178.0 16014.0
34963.0 29410.0 13583.0 153001.0 13719.0 64812.0 0.0 110714.0 87198.0 41215.0
71484.0 55326.0 18032.0 231658.0 33527.0 124795.0 0.0 208847.0 178539.0 87449.0
121456.0 91869.0 21591.0 318969.0 66634.0 202067.0 0.0 341078.0 298602.0 162343.0
172914.0 121929.0 23577.0 395726.0 113472.0 272993.0 0.0 491649.0 423461.0 270482.0
207737.0 134885.0 25415.0 450302.0 167985.0 331933.0 431.0 601583.0 527407.0 374949.0
218620.0 138345.0 27164.0 458934.0 206216.0 362264.0 889.0 647460.0 587228.0 449405.0
202167.0 148281.0 27122.0 431976.0 230000.0 352701.0 1214.0 619952.0 575731.0 468591.0
163212.0 145571.0 26729.0 360199.0 253511.0 305539.0 1488.0 529501.0 499609.0 440896.0
115797.0 104510.0 24486.0 271477.0 259563.0 233711.0 1689.0 409285.0 382209.0 401945.0
71512.0 52377.0 23294.0 184419.0 237698.0 159515.0 1771.0 279940.0 262332.0 373649.0
39240.0 18737.0 21146.0 112190.0 202566.0 101545.0 1125.0 169359.0 155712.0 324895.0
17269.0 5486.0 18812.0 57470.0 155122.0 59023.0 558.0 84768.0 85117.0 243224.0
6757.0 2216.0 15370.0 25598.0 106007.0 30849.0 152.0 40200.0 44070.0 161675.0
2335.0 751.0 13458.0 8996.0 62744.0 14455.0 71.0 16568.0 20177.0 98005.0
766.0 688.0 11735.0 3247.0 31280.0 6456.0 0.0 6397.0 7997.0 51025.0
420.0 210.0 9211.0 954.0 13710.0 3085.0 0.0 1867.0 3330.0 24287.0
286.0 179.0 4335.0 190.0 5135.0 1437.0 0.0 118.0 1003.0 11295.0
128.0 0.0 2036.0 0.0 762.0 644.0 0.0 261.0 45.0 2233.0
70.0 104.0 726.0 0.0 142.0 0.0 0.0 44.0 0.0 245.0
0.0 18.0 98.0 0.0 0.0 0.0 0.0 0.0 0.0 0.0
0.0 0.0 0.0 0.0 0.0 0.0 0.0 0.0 0.0 0.0
0.0 0.0 0.0 0.0 0.0 0.0 0.0 0.0 0.0 0.0
0.0 0.0 0.0 0.0 0.0 0.0 0.0 0.0 0.0 0.0
0.0 0.0 0.0 58.0 0.0 0.0 0.0 0.0 0.0 36.0
0.0 0.0 0.0 195.0 0.0 254.0 0.0 618.0 0.0 0.0
0.0 0.0 0.0 1946.0 67.0 439.0 0.0 4176.0 0.0 1039.0
0.0 82.0 0.0 4753.0 301.0 608.0 0.0 16541.0 320.0 5865.0
35.0 233.0 275.0 10455.0 1584.0 3488.0 0.0 49801.0 3090.0 15369.0
275.0 531.0 416.0 17777.0 3926.0 10627.0 0.0 113488.0 7848.0 35959.0
1013.0 1633.0 416.0 28975.0 10317.0 22368.0 0.0 210018.0 15888.0 77976.0
1924.0 2169.0 426.0 39529.0 21898.0 37278.0 0.0 319422.0 26604.0 140472.0
2601.0 2030.0 668.0 50018.0 35579.0 50881.0 0.0 428611.0 39659.0 222113.0
3141.0 2447.0 955.0 55181.0 42350.0 59658.0 57.0 501696.0 48070.0 289545.0
2519.0 4082.0 1166.0 57070.0 49673.0 61885.0 229.0 521714.0 51960.0 335703.0
2147.0 6483.0 1846.0 53621.0 62128.0 57578.0 17.0 490392.0 53806.0 338506.0
1437.0 6321.0 2667.0 44703.0 71555.0 45183.0 0.0 417193.0 50800.0 308601.0
859.0 2132.0 2903.0 34199.0 68994.0 33527.0 0.0 324000.0 40517.0 280282.0
656.0 871.0 2724.0 24103.0 60628.0 23680.0 0.0 223103.0 26630.0 267488.0
263.0 283.0 2435.0 14344.0 45591.0 16391.0 0.0 137978.0 16229.0 233956.0
49.0 0.0 1927.0 7888.0 32530.0 9542.0 0.0 73947.0 9572.0 177861.0
0.0 0.0 1375.0 4485.0 19674.0 4541.0 0.0 36551.0 5139.0 117963.0
0.0 0.0 1210.0 1787.0 9320.0 1672.0 0.0 15002.0 2132.0 70357.0
0.0 0.0 830.0 709.0 3939.0 1516.0 0.0 6573.0 268.0 35688.0
0.0 0.0 340.0 339.0 2522.0 1554.0 0.0 2531.0 81.0 14868.0
0.0 0.0 49.0 0.0 1213.0 975.0 0.0 191.0 243.0 5718.0
0.0 0.0 19.0 0.0 86.0 515.0 0.0 252.0 0.0 1004.0
0.0 0.0 87.0 0.0 0.0 0.0 0.0 0.0 0.0 127.0
0.0 0.0 104.0 0.0 0.0 0.0 0.0 0.0 0.0 0.0
0.0 0.0 0.0 0.0 0.0 0.0 0.0 0.0 0.0 0.0
0.0 0.0 0.0 0.0 0.0 0.0 0.0 0.0 0.0 0.0
0.0 0.0 0.0 0.0 0.0 0.0 0.0 0.0 0.0 0.0
0.0 0.0 0.0 0.0 0.0 0.0 0.0 0.0 0.0 0.0
0.0 0.0 0.0 0.0 0.0 0.0 0.0 0.0 0.0 38.0
0.0 0.0 0.0 16.0 68.0 0.0 0.0 1091.0 0.0 952.0
0.0 0.0 0.0 126.0 253.0 0.0 0.0 7159.0 0.0 2247.0
0.0 0.0 0.0 260.0 244.0 151.0 0.0 26583.0 15.0 5044.0
0.0 0.0 0.0 570.0 71.0 219.0 0.0 62370.0 209.0 8522.0
0.0 0.0 0.0 626.0 496.0 803.0 0.0 116785.0 502.0 19753.0
0.0 0.0 0.0 803.0 1006.0 1684.0 0.0 169891.0 635.0 36667.0
0.0 74.0 0.0 1162.0 1948.0 2829.0 0.0 227547.0 746.0 56707.0
0.0 42.0 0.0 1493.0 1959.0 3703.0 0.0 270669.0 1047.0 79901.0
0.0 0.0 0.0 1664.0 2256.0 4205.0 0.0 281928.0 988.0 95648.0
0.0 0.0 0.0 2120.0 2003.0 3737.0 0.0 270026.0 881.0 96787.0
0.0 64.0 0.0 1639.0 2173.0 2835.0 0.0 235552.0 609.0 91359.0
0.0 191.0 0.0 1311.0 1902.0 2990.0 0.0 182736.0 102.0 77814.0
0.0 64.0 0.0 1604.0 1143.0 2372.0 0.0 130519.0 79.0 76315.0
0.0 0.0 0.0 1493.0 1327.0 2018.0 0.0 84488.0 199.0 65984.0
0.0 0.0 0.0 1167.0 1045.0 1359.0 0.0 47949.0 216.0 50334.0
0.0 0.0 0.0 841.0 440.0 785.0 0.0 23136.0 38.0 35276.0
0.0 0.0 0.0 571.0 99.0 643.0 0.0 8068.0 0.0 23036.0
0.0 0.0 0.0 307.0 0.0 522.0 0.0 4142.0 21.0 9312.0
0.0 0.0 0.0 45.0 51.0 193.0 0.0 1811.0 35.0 2381.0
0.0 0.0 0.0 0.0 112.0 5.0 0.0 304.0 28.0 521.0
0.0 0.0 0.0 0.0 3.0 0.0 0.0 0.0 0.0 28.0
0.0 0.0 0.0 0.0 0.0 0.0 0.0 59.0 0.0 0.0
0.0 0.0 0.0 0.0 0.0 0.0 0.0 0.0 0.0 0.0
0.0 0.0 0.0 0.0 0.0 0.0 0.0 0.0 0.0 0.0
0.0 0.0 0.0 0.0 0.0 0.0 0.0 0.0 0.0 0.0
0.0 0.0 0.0 0.0 0.0 0.0 0.0 0.0 0.0 0.0
0.0 0.0 0.0 0.0 0.0 0.0 0.0 0.0 0.0 0.0
0.0 0.0 0.0 0.0 0.0 0.0 0.0 0.0 0.0 0.0
0.0 0.0 0.0 0.0 0.0 0.0 0.0 152.0 0.0 0.0
0.0 0.0 0.0 0.0 0.0 0.0 0.0 935.0 0.0 0.0
0.0 0.0 0.0 0.0 0.0 0.0 0.0 2457.0 0.0 41.0
0.0 0.0 0.0 0.0 0.0 0.0 0.0 5119.0 0.0 233.0
0.0 0.0 0.0 0.0 0.0 0.0 0.0 7461.0 0.0 232.0
0.0 0.0 0.0 0.0 0.0 0.0 0.0 11419.0 0.0 385.0
0.0 0.0 0.0 0.0 0.0 114.0 0.0 19160.0 0.0 887.0
0.0 0.0 0.0 0.0 0.0 255.0 0.0 24593.0 0.0 950.0
0.0 0.0 0.0 0.0 0.0 255.0 0.0 29916.0 0.0 1388.0
0.0 0.0 0.0 0.0 0.0 86.0 0.0 34375.0 0.0 980.0
0.0 0.0 0.0 0.0 0.0 0.0 0.0 38952.0 0.0 2330.0
0.0 0.0 0.0 0.0 0.0 0.0 0.0 34265.0 0.0 1259.0
0.0 0.0 0.0 0.0 0.0 0.0 0.0 27757.0 0.0 1207.0
0.0 0.0 0.0 0.0 0.0 0.0 0.0 19753.0 0.0 858.0
0.0 0.0 0.0 0.0 0.0 0.0 0.0 11062.0 0.0 964.0
0.0 0.0 0.0 0.0 0.0 0.0 0.0 4215.0 0.0 1117.0
0.0 0.0 0.0 0.0 0.0 0.0 0.0 1617.0 0.0 1121.0
0.0 0.0 0.0 0.0 0.0 0.0 0.0 659.0 0.0 498.0
0.0 0.0 0.0 0.0 0.0 0.0 0.0 703.0 0.0 204.0
0.0 0.0 0.0 0.0 0.0 0.0 0.0 120.0 0.0 0.0
0.0 0.0 0.0 0.0 0.0 0.0 0.0 0.0 0.0 0.0
0.0 0.0 0.0 0.0 0.0 0.0 0.0 0.0 0.0 0.0
0.0 0.0 0.0 0.0 0.0 0.0 0.0 0.0 0.0 0.0
0.0 0.0 0.0 0.0 0.0 0.0 0.0 0.0 0.0 0.0