0.05780233580940521 0.19168147735475274 0.1450729279314379 -0.19962241480419873 0.2666597569415897 0.21515448208977772 -0.12170925717337351 0.02143325285155939 0.07309126294855973 -0.04045363149991345
0.031525945049026484 -0.20496144959354623 0.2870024139246392 0.35336438011826504 0.17395484723802626 0.1786568039475991 0.12032404829383062 0.24480219577522855 -0.23109559080532396 -0.009934332254410198
-0.09032712589165416 0.19554095103497615 -0.14545390072150385 0.11188786952481569 -0.16423011473118374 -0.2505562256667386 -0.025473741499490835 0.09223212571444099 0.23647362194697583 -0.08322883025783208
-0.11271159279669485 0.09627919608759296 0.14245541397369876 0.12134224144092545 -0.15451429007324433 0.04487628877635512 -0.23865133448363382 0.11990609787988778 -0.1335493153592119 -0.28293372222933205
0.2963226593977145 -0.10967106873669719 -0.2426994631847659 0.1352745892233864 -0.26411922392414877 -0.1287956052764503 0.08256891535625893 0.029483412180305136 -0.07258386981885814 0.3547999994553709
-0.017436127922607035 0.007681083410274063 0.12522155497648738 0.15990559605668814 0.23033175890866195 -0.04198268660384907 0.13189952365000002 0.15642992980967 -0.27430738838966595 0.1178417299694301
0.007332270647310646 0.12323818239478786 -0.04086703967064074 0.005726458370009437 -0.07859357542970902 -0.0029957399788887334 -0.33976141168956475 0.09149890429576858 -0.20702925264348734 -0.15805989039297283
-0.22344535791645642 -0.15359287500229635 0.20243508905600482 -0.06486586098171213 -0.13512186803991105 0.16718721976249576 -0.15595672409393085 0.08798464328919477 -0.21565138277904647 -0.1107103908725423
-0.11270086217209445 -0.3004756792756245 0.11811948702747514 -0.16441717900302613 0.30488709350846116 -0.09041550042666945 0.1450281866996628 -0.2889480283680525 -0.1007848661174118 0.1493195994043023
0.21469502136672564 0.07777628490856309 -0.1501596678335948 -0.33682226753775074 -0.3027313453955315 0.06891215793504567 -0.0922268836346594 -0.0054666650860889406 0.11502533665634004 -0.1264897056308253
0.08607604637807394 0.0010852181846219679 -0.26391611522407055 -0.0842629103104871 -0.29236471076214104 -0.10299855583940173 -0.1636719711999731 -0.12542935773974354 -0.06939820176931864 -0.04908546000614719
0.05948944055256052 0.060724744487688595 0.11048166363310062 -0.27339334222332895 0.17099806487548588 0.01418638783030557 -0.09266850409945301 0.01657794351611757 0.10476757533168163 0.12879697438899668
-0.259275494810727 0.02908626872028004 0.21254198960473877 -0.10540999899703493 0.203806275948022 0.007557178599348648 -0.08378198142072947 0.22626660873212093 -0.17747438910050298 0.005907028440922592
0.10141182503347569 0.19260585958967766 -0.046070862791982053 -0.1674150144716425 0.04560774204334572 0.09514060647733175 -0.15359774808105373 -0.036952823055275995 -0.20640824127175372 0.1600822932970733
0.3186362798278632 0.2128511628185585 -0.1513191464463999 -0.23001144426339135 0.016501051267577872 -0.009328382213998253 0.03337863433482635 -0.07403254297408446 -0.05207789600301097 0.2509436178293318
-0.09084414908214625 0.04437514650630327 -0.22856451885952145 0.0037281602818285344 0.27950841004611104 0.046298589087900986 -0.07545083098036293 0.1540565296201027 0.14723553622444505 -0.08215305725839032
-0.1497994191566157 -0.28823836601804165 0.09544083736383209 0.09224664967986808 0.2443760404553922 0.13949698866919238 0.30070099372429265 -0.20848401586405135 0.059062696431339684 -0.14725340190033606
-0.17838856103692946 -0.24309106740168024 0.06933240162430905 0.076756733290978 0.18103479823391178 0.19927003264291562 0.24069944434622648 -0.22233772967266846 0.14643495315231878 -0.007494951194517317
0.2721016633803945 0.13168672346633753 -0.0790850597913548 0.19895901500426147 -0.24878282646685376 0.12597292587022121 0.074964459421628 -0.08568466789377024 0.1524613624634297 -0.08605875270736325
-0.036884906928659714 0.03485436926071061 -0.1516599382367209 0.15789498779251485 0.3689908187369562 -0.12668406742859742 0.20203401830236237 -0.04441582827407954 -0.001276685124939946 -0.09215728361149093
0.3279062972659458 0.20294658668554486 -0.09984976566178203 0.024954000262418587 -0.1745485760681773 -0.09813646460312654 -0.06413138919620115 -0.02397345189121762 0.07726099333896555 0.2064089078803023
-0.06877767909134475 0.11598338274781972 -0.1553420300228255 -0.23114152350874317 0.06513452048815623 0.05963819844166441 -0.2636710940783453 0.09110557439430891 0.057964472988711324 0.11678386797395264
0.05841319635881143 -0.08659958441608497 0.2420424284723485 -0.07964297952018558 0.13630510949707905 -0.06429833650149606 0.020777648478824986 -0.2007583945629194 -0.05418874537797689 -0.13335152919442686
0.05578447579521424 0.10333037266432792 0.07986718544539732 0.012206788462639334 -0.27875065838770113 -0.19624481551007214 -0.08415727031742183 -0.16618265060958792 0.10437756909663286 0.14803063808941783
-0.01295871266477622 0.036872471084800545 0.11141845799405192 -0.08280746074740579 -0.19041178253924165 -0.061243482106679306 -0.24230805627727656 0.029034680403046617 -0.1271703588973212 0.1401172412398434
-0.051494398393157996 0.18927650840042498 -0.13454711487115711 -0.04794359382594605 -0.2870628277818912 -0.1775222919199327 0.184351164664783 -0.2255021729762234 0.13098355833633699 -0.09741693447991179
-0.006732075424997858 -0.08545451909330452 0.05215337548798257 -0.005336841877085105 0.01913144818795274 -0.019321124741752682 0.20635405118793237 0.005303179742612192 0.04783077460139161 -0.01823159423225949
-0.29934707303361285 0.09694209411780357 0.14733259547190977 0.13803776288559227 0.1306938349528887 -0.0798199095393233 -0.2361104119760727 0.2996372186322528 0.03970123457145518 0.11010302251076155
0.11237789195356812 0.07209875542240757 -0.12942313216140705 0.08230595902658017 -0.059833512682886364 -0.22923411477635047 -0.16701307346821942 0.04703971819148686 0.34273236230001697 0.16768990654654028
0.09700289763858295 0.13189424835629976 -0.0038962989839471983 -0.13543495949405732 -0.16814011622276936 -0.008117637401195964 0.03220044519474256 -0.009613439512875542 0.1481077700009944 0.15941381359271017
-0.2568139695533922 -0.24038529093557431 -0.05887825194296929 -0.2264175147872806 -0.29803201139722957 -0.1127311300521172 0.04216176651415881 0.01732339313243701 0.1838963782709123 -0.005608303144323487
0.08173122427693472 0.0634816704523021 -0.1422548508371691 0.2061449301681099 0.20778763551746215 0.3274488648731869 0.23117272345853063 0.08954231204527797 0.07884303066922825 0.09887476156810875
-0.04175101054205854 -0.21782116848594998 0.24539421735274988 0.1845150042068501 -0.0695669780858898 -0.09855733146820118 -0.0895260201118372 -0.0018341171555883871 -0.0198861647281782 -0.10243728529616052
0.14561522660404214 -0.15322623332468024 -0.08333681078003813 0.027148143150111527 0.25103833988383384 -0.07671869931381561 0.13279873018290816 -0.2703776222926426 -0.1639934650916981 0.2901230373818138
-0.0047043616359834116 -0.11275159186641769 0.11004977979154239 0.1329218741539239 0.16544042420709695 0.14590491183965207 0.013293476736315682 0.2128950188684944 0.06119648889952434 -0.046740938503719874
-0.03793458061101283 -0.195501229243087 0.1553226538726794 -0.08853269581822092 -0.14196280491098742 0.10909388150346677 0.1880785018519985 0.1240160442229297 0.1675781966287642 -0.2964338020161309
0.015373960271709662 0.012870523341478143 -0.21608828072098468 0.20219877244628232 -0.08178476042094375 -0.09549394484976095 0.1715498698679897 0.012919122454180695 -0.22715310784873446 -0.16943782748316386
0.11485322587627506 -0.26416500800631465 -0.244657435812366 0.18570055469738603 0.026727990868574004 0.27375185945457886 0.2912265276789941 -0.003490603621302536 0.07616727892554123 -0.0324537499699377
-0.23189726589684212 0.24170599799769027 -0.12449605963142198 0.18384595240854526 -0.016262772995964025 0.042597095799643304 0.024630161720709035 0.033981257203704665 -0.004263749057966953 -0.23721410345099198
-0.0984150124694544 0.015978587357667298 0.24966520035934375 -0.312762253007987 -0.086656445923069 -0.17856555053304546 -0.18699612328339105 -0.2382647730137237 -0.22309873572778846 -0.15600095883307083